18 80 4 8
11 14
10 18
7 2
12 15
11 1
6 9
14 5
6 13
8 7
5 17
13 1
12 18
10 9
9 16
1 5
16 13
1 18
4 8
14 12
18 2
3 5
18 3
2 12
4 2
9 5
9 8
14 17
2 8
3 6
15 10
8 10
1 2
3 7
17 6
4 9
8 14
10 13
10 17
11 12
17 18
9 14
6 4
15 11
1 15
8 6
3 16
3 17
16 11
1 10
12 1
1 7
8 15
17 13
6 16
15 18
7 13
7 16
16 1
7 9
12 8
16 18
5 6
5 15
11 10
6 18
7 11
17 11
12 6
4 18
3 15
16 10
3 11
17 15
9 2
7 17
15 13
17 1
12 7
14 10
5 4
253075006 255686286 82860966 481003391 473042541 403932514 400097821 218399184 306549659 180685892 330082841 453062534 23115697 15264993 187442561 100597635 378985823 430170958 
666907716 309281453 288709250 173926607 
14 158975519
5 244473725
8 49056853
1 145936618
11 46026098
13 229136218
18 233285610
6 35023827
