17 76 17 0
16 12
17 6
2 13
8 9
6 3
6 15
1 16
14 7
4 3
7 17
15 4
4 11
5 16
12 2
3 14
7 10
10 6
17 16
1 15
1 2
14 13
9 10
10 8
15 8
10 1
2 3
9 1
11 13
8 13
15 2
16 6
5 14
13 1
15 11
12 1
5 8
7 4
12 7
15 12
5 2
10 2
16 7
7 5
15 10
3 12
12 8
14 10
14 12
9 6
4 5
5 1
9 13
11 7
14 6
6 2
3 11
9 5
16 8
2 9
13 3
11 14
13 15
13 6
5 15
14 17
2 14
15 7
4 8
9 3
12 10
5 13
3 5
12 13
12 5
9 14
10 13
383233030 438609260 187441199 320840954 182769246 482746201 437846822 198309204 21861274 331475933 210990817 221282391 359033769 392988280 394949805 386434168 378474178 
805283465 383054899 469242419 260670887 874738443 97610338 435282107 838879791 808961974 45061700 175799799 221633316 357011306 623842074 441377665 692380041 719298629 
