18 32 17 0
18 15
2 9
4 1
14 10
15 4
1 18
18 8
2 14
17 8
12 3
5 9
11 1
13 6
4 8
2 4
16 17
3 13
12 10
1 15
13 12
15 5
4 10
13 16
15 9
7 15
11 16
14 16
3 6
2 18
18 13
4 13
11 9
284569681 4700330 364415251 376908860 99778231 239614483 244822858 184316068 411824428 371164943 38259790 482763865 259411128 224506199 219124838 60517541 210895747 365960296 
58961939 865884122 788359904 654710195 20854416 328609993 321549826 643824817 113691694 86095183 181784097 348359839 319727150 689945971 113748318 627211097 668444470 
