18 44 17 0
11 9
16 11
18 3
3 9
4 8
1 9
2 14
15 9
12 9
2 17
12 18
7 18
7 4
7 16
12 6
2 8
18 5
6 11
11 18
2 4
6 4
2 3
13 1
15 1
13 14
13 2
11 12
8 17
9 8
18 10
11 17
16 14
16 9
6 3
16 17
15 10
10 2
3 15
14 15
12 5
3 1
4 17
6 14
16 6
24405392 279354361 54024362 376947494 30645091 287343501 478693623 224766434 370424171 78017096 50442104 348034635 100661229 395317540 226252135 488919461 17564006 411799470 
648453244 140778326 37150087 118941918 487919193 675118732 252018402 928005111 517291415 358904728 599275626 638926990 99245688 992503426 994130214 352398186 939830702 
