18 52 1 8
15 1
12 18
9 2
2 12
2 4
4 17
4 8
15 5
15 18
1 6
10 8
8 3
14 6
7 16
15 2
13 7
7 9
4 14
3 6
14 1
16 1
13 5
1 12
5 18
13 10
11 13
6 10
12 7
5 6
15 6
17 3
11 2
14 7
7 2
10 11
12 11
5 16
11 7
16 2
12 10
10 4
18 10
16 14
14 5
5 7
6 9
6 2
12 13
1 4
5 1
17 14
18 17
104276263 83025425 44168671 79586216 95256896 564146 6114577 59559886 46477155 49154447 42110529 14119068 35809019 7540313 50082266 14722610 73765021 121045891 
684281413 
14 23831269
8 32643524
1 171184731
13 143827627
17 57182050
11 246874329
4 29532044
18 241966390
