18 78 16 7
1 2
11 5
4 2
4 5
15 8
14 17
1 3
16 4
16 10
6 2
12 18
5 3
6 1
15 1
14 7
15 18
15 14
11 4
6 15
10 18
9 14
4 15
16 9
12 8
14 13
12 13
8 9
7 9
1 14
2 3
11 2
7 16
15 2
3 10
17 16
18 13
11 10
4 6
18 8
14 16
12 5
7 5
16 8
7 10
13 6
17 18
2 16
7 2
10 5
6 17
13 3
8 11
10 8
16 12
3 6
2 12
9 3
8 1
16 5
12 11
18 14
6 14
17 9
14 3
9 11
14 8
4 17
7 15
8 4
9 18
5 13
14 12
5 9
10 17
8 6
1 7
7 11
15 5
4 5 4 5 3 1 2 5 3 5 1 2 4 5 4 4 5 3 
2 2 5 10 3 3 10 3 4 4 6 5 4 8 2 1 
2 2
5 1
9 1
10 3
13 3
8 1
18 1
