17 81 12 8
12 14
10 14
3 2
17 3
13 17
2 10
1 16
12 4
4 14
17 12
16 11
1 2
9 17
8 12
17 1
2 17
5 4
5 2
15 1
16 8
7 5
12 10
11 9
11 10
9 13
6 12
9 6
5 9
12 2
6 2
2 11
4 10
10 9
4 3
16 17
5 13
12 16
1 7
6 7
14 17
3 12
8 9
5 3
12 15
4 1
3 10
1 11
9 15
16 15
5 8
4 9
14 3
8 6
14 2
10 15
8 7
5 17
9 14
12 9
17 4
14 15
17 8
16 9
15 6
7 2
14 8
5 16
1 8
3 7
8 2
16 10
13 6
4 16
2 15
13 16
8 15
14 16
14 6
9 2
11 13
13 1
3 2 1 3 1 3 2 4 4 1 4 3 5 4 4 5 3 
2 3 9 7 6 7 5 1 6 7 2 2 
10 2
17 1
4 1
15 1
5 1
3 2
2 1
7 2
