17 136 5 7
10 6
12 16
12 7
11 6
8 1
16 10
15 17
10 17
8 7
11 7
11 13
2 14
8 5
10 3
7 9
3 5
15 1
2 9
11 9
16 14
17 5
1 9
9 17
4 7
4 8
3 13
13 7
6 1
12 14
16 2
17 4
2 4
7 17
11 15
15 14
9 5
17 11
8 13
10 2
16 4
13 1
8 3
3 11
5 12
13 6
4 10
12 2
15 12
15 4
10 9
15 2
3 7
5 7
5 10
13 2
9 16
8 11
12 6
14 6
10 8
1 4
3 14
16 8
15 5
13 14
10 11
15 6
7 15
9 14
9 13
8 2
4 13
3 15
13 10
2 3
10 15
8 17
11 4
14 7
9 12
1 7
8 14
16 17
17 2
5 2
16 7
6 17
17 3
6 16
1 12
1 16
6 5
16 3
11 12
4 3
8 9
17 1
3 1
12 13
6 9
1 11
5 4
4 12
14 1
5 1
13 15
8 12
2 7
2 11
3 6
14 11
2 6
16 13
4 6
12 3
13 17
3 9
8 15
16 15
5 11
1 2
7 10
14 17
5 13
6 7
16 11
4 9
16 5
4 14
12 10
15 9
5 14
12 17
10 14
1 10
8 6
92474058 44633316 140777650 491092293 119856634 131175598 451243631 367526146 107150234 183685090 392003497 320251474 353324808 306079091 220694043 371436588 341626140 
454578188 586116965 459666287 837887846 546071998 
9 14955496
4 248307596
5 87419284
12 112334763
15 101751786
17 129742019
6 75525349
