18 153 8 7
11 10
12 7
3 17
16 3
6 2
7 14
16 11
14 8
2 12
9 14
8 18
9 17
17 8
1 5
4 3
16 6
13 7
3 7
17 1
13 16
14 4
4 8
15 4
15 5
1 2
9 1
18 9
3 8
3 9
13 10
9 7
12 14
2 17
4 7
15 7
4 13
17 4
12 3
1 12
4 12
11 13
14 16
15 13
18 7
15 18
15 11
14 13
9 8
9 15
10 17
1 14
2 4
10 16
9 11
5 2
7 17
8 1
13 12
13 6
14 6
3 6
10 18
1 13
9 4
16 18
4 10
18 4
6 11
6 10
5 7
5 12
18 2
7 16
15 3
15 1
6 7
17 16
14 11
10 2
15 16
4 6
12 10
5 17
3 11
16 12
7 10
8 6
15 12
11 8
10 1
18 1
15 10
14 5
9 10
16 4
17 13
1 7
9 13
13 18
9 16
16 5
5 10
2 13
12 17
1 4
8 10
10 3
18 3
2 7
5 9
4 11
5 18
14 3
3 5
2 9
18 6
15 2
17 15
11 2
6 1
17 14
7 11
15 8
18 17
14 2
2 8
5 13
11 17
18 11
15 6
4 5
11 1
16 8
3 1
16 1
3 2
6 12
10 14
8 12
5 8
18 14
15 14
9 12
3 13
11 5
8 7
12 18
6 9
13 8
16 2
6 17
11 12
6 5
110067710 454871816 43928964 392462164 154451623 442291935 230420947 400596488 349007836 213923303 96693169 439361555 479727272 163287334 176771852 163581231 325669656 451881942 
750575405 761687902 857381614 600581931 378956694 906243126 936221507 265796615 
5 30123099
2 229806994
3 129545445
1 28130776
16 98856110
13 33592093
17 151138471
