18 153 8 7
8 5
10 16
14 12
18 11
7 5
12 9
1 12
16 13
15 6
5 1
2 5
8 13
1 4
6 13
8 3
12 6
10 13
13 9
3 14
14 7
12 10
10 2
11 4
2 11
7 9
13 3
13 12
11 16
18 9
11 5
3 17
7 3
16 9
3 15
18 10
18 6
6 2
8 6
8 14
17 4
2 17
10 9
15 8
14 5
17 6
4 7
2 3
9 2
13 1
16 17
9 5
14 1
4 13
11 14
17 10
4 2
2 13
12 18
15 11
18 14
18 15
13 15
15 12
12 8
14 16
11 12
13 18
13 5
4 3
17 5
2 1
2 18
9 8
15 17
9 4
16 15
12 16
18 16
17 7
11 1
10 8
16 4
4 10
15 9
3 18
10 5
14 15
14 4
12 7
6 4
14 13
5 16
7 1
14 9
15 4
6 16
6 9
9 3
3 12
1 3
6 1
16 2
1 16
13 17
1 10
8 11
2 12
14 6
8 1
11 6
15 2
2 14
11 17
5 4
14 17
6 10
8 16
4 12
15 5
10 15
11 9
8 7
10 14
17 8
3 10
11 7
3 11
18 17
7 15
5 3
2 8
4 8
5 18
7 16
6 5
1 17
18 7
17 12
17 9
18 4
11 10
7 2
9 1
18 1
5 12
1 15
3 6
3 16
10 7
13 11
8 18
7 13
6 7
54852274 185702814 244859828 18646172 460554985 481784431 391617716 288943586 100972027 153969100 314669305 177893026 368660118 236074302 88116406 25393404 156924071 40932458 
524603101 15781185 948624891 615213343 819987846 737895450 63357514 89077583 
14 152877313
12 146854057
5 151718510
8 226689314
18 70907174
4 233821559
15 43058577
