18 70 10 8
6 18
12 10
4 15
9 3
5 15
16 11
5 18
3 17
11 18
1 17
3 8
6 9
15 9
15 11
4 1
7 2
11 4
18 3
18 8
6 3
18 1
17 9
9 11
12 14
17 14
12 15
4 13
5 1
1 13
13 14
2 14
13 3
15 7
5 2
3 16
3 12
10 2
8 12
4 17
14 11
6 4
6 8
2 3
14 7
5 12
14 18
6 5
1 15
1 12
16 17
11 17
7 6
10 1
6 16
13 16
9 16
14 5
4 9
9 14
3 15
16 10
16 7
17 12
10 13
9 12
17 7
2 6
8 1
2 16
12 7
451515786 12343426 471068337 256165653 316279074 149249353 306826413 70958133 104003499 432077271 37112738 479186025 464359251 85197538 404506886 225488776 220231348 328271409 
897344300 918405037 142942659 153926044 74961763 382917568 710846617 431426856 996524758 317490769 
10 181573371
9 74836539
17 229706720
11 51674840
12 116272575
5 230739343
13 204564766
4 95177366
