18 58 18 8
5 12
6 4
7 8
2 15
4 16
14 10
7 1
10 1
3 7
12 2
15 14
12 18
16 17
18 1
7 17
17 15
7 11
8 2
8 15
13 16
6 15
8 18
12 13
13 2
17 10
15 16
15 18
13 4
2 6
10 9
14 16
12 16
1 9
16 8
2 14
11 4
3 2
5 4
5 9
10 7
9 12
8 4
10 4
18 16
5 11
14 3
11 14
10 5
15 3
4 7
6 9
5 15
2 1
16 1
18 3
6 8
13 11
17 13
166256461 38303657 373118619 95324256 208391075 26438378 88441284 451991606 297778757 424936804 6693624 347969283 164140758 221393778 36343990 231415353 138953605 123501978 
787287811 960671679 558942463 85626629 580632309 765696959 338258565 449841565 950941405 17241540 35576338 132421319 244236498 565581524 655440050 340432515 124357997 10750776 
6 13329820
9 71629664
12 247668161
15 220234214
3 45275902
16 160446635
1 88111946
5 71687295
