1
1
1
8
15
10
217
568
280
12050
39831
15400
1123993
4448458
1401400
157764896
80087671
190590400
187957435
189964100
215150544
210537812
320589946
116147435
77322237
258401726
143880854
163578365
60466855
241862371
40755093
241051099
80785167
247356411
251514276
178274428
312164931
154916780
301539827
66518692
238004863
104510143
22896320
148704308
196177287
122540422
110874635
263720680
171737998
189612251
48809935
93022959
196690310
87069713
277433981
64666252
62718599
281299091
200796954
284652560
265109007
109930954
251021198
95041062
246351503
167222728
173387276
243369685
71988979
169419336
19744193
193093587
25143730
298357551
231713401
3595270
3602086
156565909
105816184
95193818
110574433
53609203
15126062
244440289
191834498
225919908
253062168
213764575
160995435
109043809
12622313
90163403
66526014
21141231
114109204
63192498
277903618
208004332
164462852
107509366
78258900
34601008
235881486
70078932
195439360
161773557
194756804
142469736
154582482
301970664
140918779
94574934
167870233
164849450
53548026
118358051
29545027
39780121
142609580
131336182
175234339
297517970
43888134
79424271
66476792
89708746
245068624
3033892
212922004
176060104
176749624
2108727
1816422
15149347
149549543
277839757
223830879
247218246
172645364
14744128
60868288
255825645
268391365
261059078
117995608
18660676
217234869
178858567
23397832
143864718
244685953
5406729
270765000
156944228
113830945
204436298
245231631
50074641
82923537
91014786
136066702
36267361
209376901
259852593
75311522
86657767
151977390
300670231
240073475
266878030
127617621
288746389
195573810
173274447
87342070
271232164
146971874
17654593
23321113
316662002
49901778
114168948
27967978
177018100
243578398
18604307
36233422
245480599
160661225
252417530
38077681
81669715
220900007
231228492
29358674
111389485
286232727
166811325
99483249
6101375
