1
1
1
8
15
10
217
568
280
12050
39831
15400
1123993
4448458
1401400
157764896
101793220
190590400
608725310
26465057
188464334
181746076
546229079
477992250
553788308
95041077
72862000
377999633
453324334
390343581
378383862
26333899
448789829
467634276
16859121
578701622
560223528
54126595
7737831
183385367
276960174
134036650
513008834
79155132
94581592
409475714
52284482
382550724
17483050
97868103
316385242
14702892
563693441
588831099
306709102
458435897
617214517
206376029
229924394
186627687
326527190
490110697
129021181
211284073
359988229
49514416
560344075
346117728
375015311
168129101
289168139
265332335
300227797
240578032
536092854
503083435
328626343
334036379
291195663
53649325
308645217
605165038
252452128
42148844
1238393
472794083
21602524
376551194
607984315
126091112
573526009
494674900
504787859
567912652
340734888
532515879
173287082
25721681
71679112
140572615
618537630
500201986
532732395
230654985
284105715
519817864
441573109
34060427
105061460
534568792
471959409
205770808
19007778
317662736
101530348
182809820
243544073
406524714
619965190
38829352
453296696
551654512
273049215
96771846
65791336
48905111
526309540
277134315
618815405
475752753
523871962
434793184
471431091
320493245
29763098
524709192
141103448
263100226
566858295
593113914
418375263
148348442
338018708
71561036
30841057
212469427
354522597
393038894
50528611
393438761
180697441
422850918
338391923
200538770
78914364
325303551
183675393
504056089
84236461
211755090
230789359
527676838
5690359
562661935
355410373
31120450
618794380
411159066
355223393
319962836
274565297
234388006
220818424
17805537
82467138
134784151
300841443
508328646
530477464
309179901
125896546
258043885
115736448
612875569
372166708
331074393
314167054
83326903
554049141
284904505
317812799
121714723
233880774
608746074
432115647
12628004
141152479
451036395
526956374
542216285
130169373
95821089
419441036
2498950
9150325
159371443
593057182
343759192
158730683
413116294
508386499
18935037
298087752
310866854
14106874
581548680
260758758
12511107
524056398
121265219
102397385
460173633
281334768
333905427
490439400
258002687
602447515
532496242
103359567
267381092
127119364
230623004
89923552
486493905
454126035
616127974
217065210
271858184
425715194
453874707
57891960
81938863
452884434
441430659
260773008
495524522
137443623
307854326
383774321
128449326
478120007
304246253
93924593
289563111
267425640
88095220
389135833
616123689
537909111
262178950
195476830
585531542
157615471
192437879
378199717
150380631
77676515
79603238
27249293
15725374
402042502
66098721
89505103
619236609
118812275
161123892
611495976
514447874
221625400
226125821
521830006
383914351
300526486
249697831
517039083
466572575
497114947
592637175
401784936
362812550
459314007
600792214
147573460
84271551
363641591
587620119
529637389
220185258
550588790
344176109
594691323
474241938
162088437
230247118
265738349
370564574
446707522
254927943
227188833
492707001
419069190
429348301
395337165
207985430
510694228
26027736
232648614
553623794
340621439
617869034
83234645
444436898
370202546
15957722
433006039
264362398
45295753
189181726
179286701
576240350
606268905
500384731
365209071
396721111
522653590
587076180
273667659
283324909
155367199
332610792
165628277
87511053
464318770
343142108
231541964
408370926
618221598
132824101
133903457
505498116
64760478
399909868
4949693
584141655
373301283
19752425
28691340
53759762
506869826
313920004
345848700
436378196
69778439
311301959
36161707
123768919
345877681
228379577
366455720
355361267
410892033
305516085
3586535
64885265
163698965
536524553
135476929
208292980
163933415
200994375
270368727
610151777
161957807
23584643
63193343
367536101
338094498
79837833
542539275
535049385
528583621
493068173
365414274
375965021
118527153
202355773
422653783
188462156
259434816
567342053
298877204
494362177
582003858
269538190
592662124
603842548
424146764
175617278
515592978
465932954
249079671
536756173
238929599
562411052
88102109
209995173
401750889
35135998
47176324
224969431
334815313
378910192
416027686
42602795
556348376
180323173
69982127
557362286
449406061
51345558
577850289
180858192
554507341
271123206
362247792
407580491
88998626
424573598
577339342
517454623
396643300
53561028
559715233
250020906
26023131
299826836
424844668
182341363
344334552
86505076
145899131
511194797
2396884
482000631
420534738
364970094
601898516
394692192
143305790
158056366
105019852
159772372
457545279
344442207
537092765
177935449
560236871
581856054
313134985
120290612
226142883
378429595
595952234
572342813
314246206
199635097
421168175
538241824
289141143
500171142
43902489
222120535
175025355
318436131
597881416
514888052
313985757
398352147
569769217
23607187
491440863
307726634
35364837
449104142
66634450
330993093
85063405
310607829
350837695
359524657
477081628
502707363
28101842
98677378
51062762
391738290
458314024
93055030
26229657
171102587
440811020
219892008
430205343
505162288
416889377
4195313
121841798
223231605
291973431
76235751
28589912
412144854
602809933
380112386
560644502
468403152
463056307
258164232
434111154
50893001
586805084
425693538
22570910
531303679
367286816
442070290
593290970
369183908
285234424
333065247
234411351
594880936
266666177
137350600
57941669
160411338
153056262
276672323
29570571
341105777
534668295
76357697
330540706
493402500
21865293
325982243
256333497
145361751
597111508
422973170
562955533
264010782
237936818
80274738
452131176
288645294
529205305
312325273
368175606
274464081
498201641
457633645
59619081
151201839
305801028
438966345
334921518
67810167
15019427
471594422
105777710
268059932
548818638
127827517
103281808
36604023
358030594
124997528
546624607
581743337
373933904
181258054
553645732
46547383
242492426
110735230
159917354
304612371
466854608
22850376
255712805
481690672
245504341
130338392
229773375
366135170
530384274
316530559
340518654
246527247
41767507
343469557
398363408
552517855
160899997
542185204
532785336
113807182
578575473
134986378
16604183
288873547
448296913
441256416
145883081
111379302
520046540
590781071
565688386
14590796
535949875
366069120
121092948
540885375
204865806
395237795
16880024
260125347
503793469
37785246
159736284
372856497
191093001
590908403
253276101
60469610
580109964
501751618
187090813
446779417
506136712
295248984
403436847
312679561
215503404
12038994
550006828
8731498
132464967
349392370
151663376
516285103
347672464
2724190
591186168
50223398
301599215
81414255
200194966
230113226
349028020
377478229
215248310
81489469
225745749
519072218
393428494
357527061
478838389
180193628
299595453
556125796
246086118
613588448
138498324
576342922
21909462
375392341
187275453
509777672
600346649
365780712
65952174
522094068
461671930
266243694
302232829
610475820
154705884
524978269
240874381
518512976
101475801
449897460
139216488
42786515
362905910
149323268
146479807
340526366
8899036
117465611
478612384
510447436
243743462
9112751
606881861
162599257
259709734
463762057
388653366
22787203
447346975
329951820
152044960
589579917
106370169
410363448
37951953
274298237
469484043
381869164
329906621
493109776
423073389
295745867
165506389
55236136
234542430
143654410
586099748
605424655
131096737
17998204
12529956
499146608
345981736
120541488
269107302
410132225
497040451
108755183
232948226
481491754
170872051
471493852
550962197
515613758
236723664
614895785
350572843
138316011
146653026
357697900
154517010
460705161
574849564
573576973
71325361
232605060
289717721
290108078
586747265
287029201
508511990
566784834
594179826
542776761
370228309
321665737
150363497
425124675
42537400
69506254
616402871
579423702
136233683
551402541
144030012
37027502
294869324
388046782
472399002
576586612
174317938
493621154
84640892
161729349
422400769
84646845
263585983
443229642
335187860
507106468
544786532
366713189
106819322
529507702
278380497
454533022
246381679
390291002
517708501
182920424
78914038
222615429
301092146
304146603
512151778
311240145
350852483
211224075
513331061
39045077
285776399
360775259
235606947
346997345
220530619
206284170
377716813
455294809
228337987
400929238
396478455
186979591
360677132
100398187
292196989
514368678
109997837
456110346
14173895
12048088
19862391
390910701
326710165
182742142
89472418
129885676
440084859
85029973
57449037
406982137
97638635
404433926
344907282
301481163
456648555
244384961
109039026
417821055
426839658
283388155
402739093
205620464
234484514
12943222
66402962
410967876
272585842
232777903
375811604
244298717
610365279
512948395
233128684
12136783
335877834
8761541
542599159
52035204
455585920
37957753
554725875
67154017
421550219
29545225
3200439
482694923
407595939
425761607
354572175
607558029
346438103
319166099
464855854
117603697
422566549
90534961
240086205
445753293
66947647
175752476
119781195
130433936
561420257
326571055
334499633
605619358
486840938
230765093
434249481
512495844
108968442
13353281
488141055
199902544
444778470
376612371
142669940
196455239
356762471
322337840
457201244
150345547
164337118
446711862
51291764
356139327
240168187
560829933
196535306
596548700
76979245
224318234
588191234
88594178
297207424
231424779
49590800
372331062
324880198
544014426
328541858
214513252
587771594
388756941
224337626
448696244
216990679
432941807
423423687
118901498
369789561
112586490
170015467
510148491
176297444
310241653
445326164
43926304
363471366
120148338
394199308
294323611
271848704
234752321
123090709
300761521
257588116
602184505
533821851
458275543
46476938
378905237
19698847
158227959
155641907
80598150
331534674
264577179
250421172
119986704
287068175
415519667
274170073
59187404
620402521
351744636
498878733
587595007
589456883
21945570
157876768
91074151
30825049
482526401
529447803
248513693
79616960
65681835
417751981
142831876
188507168
391856338
117362031
128176364
398676843
498495492
15045445
482049389
168583548
405416778
561536015
79521469
369062378
217030252
928307
23146715
347643328
105573154
341075354
151812770
610684873
112397139
502137777
256321692
302728663
446138921
440178336
523096103
291496963
103327735
101697499
534558687
389613018
343301776
135074844
133866953
445350770
164246541
114107567
133892030
616661531
70666367
100252864
457545844
470011008
251998716
250815929
82466300
295977270
252486276
575015108
123176754
128439262
431602826
420316355
258234786
293481188
575977185
523387983
64934806
397262396
179949135
472120118
439088898
497838170
129980725
233075984
236463061
289093184
566825904
77017986
572413654
532236076
7990809
7616949
299136712
318031815
98045129
349622824
229747152
461415826
465268370
224415683
12991093
85634101
159090281
366990476
576238112
512325901
313982861
184249376
70910593
260549366
263179815
267531372
312676840
191755125
477727313
116340402
560850707
258012822
282734024
308649125
282445899
501554194
262003949
506636921
515333701
53519255
375124403
40356355
315917370
144160250
174175749
119481864
615375265
295242632
219566689
247374123
444275289
343859867
102752979
7487427
577569284
95476514
254943765
209235957
520326629
491565263
27652828
214104734
505516233
456668186
547571375
592680239
421663748
167142280
123326173
502761358
461098997
155774878
60734585
38507161
334141548
615752347
546555030
127694523
195536219
315574439
349675894
560797274
336115949
478519309
493613218
270891923
72156121
405953003
603300284
416347610
488406875
585684865
410137674
400786218
312792559
72390000
151417010
527588218
562236831
317645207
425602294
506012665
321424141
176908079
485001236
476018245
268741728
119472481
154359717
405118407
174883248
234646108
588243877
125137532
292208480
346598916
589398701
417527628
313533137
198377371
563146647
567454172
446553076
25914629
257598407
569872422
75500647
109175588
190383489
19936313
410705554
232951622
343874862
208613781
230231625
424622626
31053952
22432135
495005977
422570934
308326229
406325983
93059909
470261707
82795698
510834236
55772195
287641672
291510245
193380763
36785534
124478512
389612972
443452852
402849937
160202111
471989114
161502844
311068193
80916971
215693909
502472972
18209924
24472255
104052665
353726399
26135643
424571383
55494134
316994588
358131728
206032881
490005229
62666779
363214968
572430507
237619730
124152115
298445645
289320503
157450640
257565597
237910381
156098908
551345047
167068747
454652832
333959177
394086454
10928923
201496771
389337915
463084081
323709291
413425870
60065063
35394353
282742400
254143028
607589727
131716028
13190289
406985133
258101405
225546760
119100509
438205319
170281919
108803320
275874510
45225213
440573818
216935391
410695564
3733656
561456752
278189262
82443389
506882714
203661275
19947018
390374473
58606895
267224231
350054659
540954256
470721499
307620539
305321590
92560491
13307722
295059961
121405880
224747463
121376504
292547427
85917151
73431822
154516223
421141261
563171275
262080458
470566032
598117837
609661964
109921660
514335834
107431679
544839963
43429455
87936750
301491059
313563409
541657401
327747473
52936672
249617197
603237663
615529354
373558348
302808117
449637468
395460034
226571431
364482691
135127535
617191023
504686071
371491677
413820739
7156613
492500952
234323804
1623295
49944331
335919519
212038318
49256836
234520851
318258323
325894149
4274799
296319924
576498578
243442747
145231988
288001321
544947039
484339055
179566988
416668518
148499985
136376372
157343131
210375898
465690826
326106983
539246075
444576667
484387866
113963623
71095144
255091315
555917294
147456538
327609610
308753651
572239119
238865600
444168069
571248876
116894295
527850611
275512179
99215599
323143584
135644273
211946205
437645005
254652346
78574958
413844825
334780412
284376969
606154579
600479821
579680867
384102151
259702812
463818979
481035536
566696325
544393207
585898688
569189917
157148438
355180005
382025085
502480471
180960625
378079033
393534684
477666504
50040220
27428426
453481447
227898857
147770910
332284829
485466159
19061335
311039916
446139486
331839588
187686783
255273171
72482004
137159324
242113280
617792681
192867935
25628800
550848331
267244785
177904745
543194259
549409371
107900444
311593248
565201451
535333119
372933823
612143898
487990755
270137385
3707996
507085104
544050467
220656540
253930888
323587650
507106180
440827280
14903276
551452786
523812964
79221875
254994740
516492017
412626464
423577784
54260426
132327846
384616346
614954566
35641275
478023831
263886652
152479948
94027070
157142455
218603779
300760360
169209487
603741110
477399684
259451135
308538311
474627700
18248267
481148571
41263101
172733410
447743588
537560141
109448140
399753473
262247351
202964645
256009223
107126334
56030432
411239514
104408988
184690936
167588282
411333962
436004735
305580710
520781928
180851228
433650494
59705452
67089286
495967021
26043423
550143699
230448370
221528220
50918304
620121172
414183750
44062992
399589392
193502607
307432032
208427982
386993352
372084088
535332054
190782506
521454425
41835219
463360472
482427187
359820012
551498241
375941479
302289584
121282330
558570994
64943116
604951550
333255662
476758397
205192825
55491997
260953362
78588434
409364132
384940035
402478193
452495875
214110519
479201313
584218672
308555616
333644551
7454081
593242766
142811176
135414414
507549675
569265950
461962625
419801579
369169480
306636301
528720099
575234262
395426282
471646707
530418471
505914586
535613515
401915937
144781198
1339558
340768931
287266287
79554364
184534165
470113360
363579484
409332370
562875694
243671400
233720000
506707558
450709765
292176278
76967306
338239123
307105323
233479884
483003433
133851869
425318113
311986585
281536705
383261520
355506243
591438773
70292466
244940287
143314406
454522841
426635162
131706128
54298159
145057578
184889259
508461906
510786248
561222598
58779840
573770953
149533727
332821802
213182864
443232752
153622669
246577608
232397038
30975657
467189459
201447092
381300990
8146811
275690453
391248939
555164940
522443939
3211815
164561883
239189787
199669026
510318481
90855485
253787456
130923763
402656334
143414295
480286688
365478620
490471944
464100960
225172150
256620179
21709819
221542617
365640696
299668993
588850510
393923374
517482140
112845481
543324190
544527592
125677439
3115453
29152617
223491042
369321146
279977918
100710958
102524643
18395844
310085052
487105670
403726273
581055311
110639173
217856383
81469476
527822996
465921799
282200140
187506499
21790111
462736345
517035261
92604767
548450207
371880579
378391257
158423420
406631848
365614335
268235051
586646917
529062021
36790491
206695566
381022909
506767845
15728807
59503963
442895193
468502282
593376908
205031346
349485655
38460524
620445957
140291181
102427823
490730086
415825784
442713329
132744523
314307490
14933037
464193077
371305372
59030677
258239408
461753103
101147326
545725793
98223361
320931979
366283777
552279124
198973867
344057077
109691184
214830989
140258814
456006969
93594106
229194641
430880585
117505601
181760581
194974152
196720637
364810864
103222283
188576552
569179738
423066248
513372471
262513356
300139274
15900600
422836033
574071999
496233731
335611182
418944947
217714516
430318017
579299251
365703332
425099982
546468950
55641600
87394378
436017551
401150062
570403947
422142237
427743588
37509644
510590116
445231953
400313566
239855114
254762228
210493692
274534126
342865637
330734726
423258176
383474290
517812456
501561020
467464963
236927246
266793270
485184132
508277551
308179460
317582567
601550165
318479923
33561205
148050973
168818508
240441961
332580281
378317769
362822135
591699248
493737347
330577437
331062335
223841835
26790686
620901286
575518398
555071728
148275414
2103527
615771877
474466391
24260619
199835032
309560506
14473718
465875019
121981809
307563336
360551461
508199489
277647690
620629573
55193346
511456352
82747389
184273707
190197909
301133881
523253799
337214155
87529663
48406762
390768287
381341047
414939768
423485163
168066552
413180003
617417889
318134894
569202096
561921036
171577142
337939104
317460947
442432508
487790976
285459096
428627866
562340908
369865865
65329781
360301507
481292150
501877802
524042696
262825947
406401058
540686885
531489939
162206990
500773187
327331789
376127796
174474289
123538602
258599941
566237839
173474344
152909915
541880947
273847224
13788155
4124184
372364439
205036014
476622063
572010897
181987134
140776464
520795533
106608467
477359370
478339582
110715516
596500305
249814192
520229071
394527061
167210770
443529272
278181049
221704072
265812438
494032754
322506654
305150370
497603124
45500433
382184322
271003780
29194404
466578575
178357592
531645424
575292661
508442685
343663020
399999059
221474865
325345625
475344060
19622198
124022008
47578076
101408793
341019691
393734665
90659947
498838306
193299286
559263018
240740254
561383178
86387723
494662909
275076972
489903451
450925981
497545243
512816295
349753969
453837516
381599800
31026884
194938947
238749141
578286640
381850514
542023112
191208075
615548868
423608959
57268516
404953943
300374652
136639453
63393540
148338648
230469531
504964755
480154009
27727924
563599608
71966314
129264421
252540989
74615253
88763428
76514165
82692720
430516456
594669314
606909680
155732443
398282552
533166000
194578815
11135835
381010611
470475246
348148536
608684464
617447482
543365356
232436675
186155301
474163112
526300090
441743037
61736764
38617062
76428206
242049254
437652378
119253012
322476332
554467664
558042659
425039468
154456887
126700825
27133626
36049461
364868674
444022066
369707990
393812703
307887315
239806446
356206270
190659769
315531356
549952193
523689383
194021303
611495589
616960044
267900727
530567877
447025004
86858428
36744800
526121221
364552300
79109908
402114429
345272780
91096262
10108516
463494089
280183605
219718785
550945204
240291018
197015104
581834488
40318635
345918993
441750072
166492407
32978383
106543290
358845761
333004363
567538887
614952654
358456171
27439346
482956319
331369590
146796619
501380978
441454678
324658633
251366691
283986428
550600415
339334035
380544478
45485353
361699990
577305199
556809917
95856744
353392904
407113487
378360760
265920588
213324
360028397
470495271
32611706
433365170
242984651
203898524
446306618
284192817
167113766
179750657
389547956
511869511
37330692
173138605
113893637
294552154
113253667
277641137
559173930
262952730
318154808
229762172
313210731
54987921
481883887
42089005
510545844
228683007
480999446
327820956
543806327
132859748
572240909
363201187
553426542
444427978
491763731
48856478
246438808
548797889
2098953
282234950
185772261
1404015
263499805
6427196
150741164
2282426
377701009
207099933
254193119
302204824
570077002
158672437
496567352
116299974
344544287
211917895
140804234
314839906
462202096
2864724
477523181
368895337
224351431
601115271
255219049
112643851
114514135
238984451
456448899
509105844
122996072
522507151
373410967
575405493
7161158
321505982
296526423
277613310
112714439
42004283
511861952
78451821
471591698
31498470
39502534
556992494
54758163
421285141
213482593
149971039
95014295
421367730
225235585
216581825
481807358
423778814
466957619
230969672
572259669
169892829
291395055
256554627
180656775
39525423
350147631
116639557
90331413
418440873
180228040
310865711
295735794
413874989
489652510
45154851
351634911
277407853
492725790
144957254
478933098
78062686
513176232
588697246
240093543
222289092
236598087
32578413
323927707
159504960
495559438
557334192
545808028
462306561
387948165
482993622
294799545
317169678
191817474
119845779
243695755
354444835
603440791
131090142
34032769
440429400
493489944
510172856
163941950
241223676
379637685
568363883
290858776
505114015
366836134
190328280
477663666
197454942
540207144
466600962
219344546
258697954
579759312
53506733
230788423
374236858
448759172
397281203
263766163
386825365
342828607
318964115
328830007
363194455
369764547
21294561
506461768
118837476
602221139
61070844
208760279
509682658
112073045
398353629
574147234
391554401
306181032
349978554
13812161
71307833
541938190
302228098
559095736
584795398
554307316
342742125
112622905
201002597
214065997
424628668
156632858
298151959
498723576
188941185
414703151
308374653
439774048
468261693
469220435
222492387
54746698
454749319
167523861
523918361
70538049
562422326
177334190
64891742
448359843
285753473
62177158
420143724
322918397
144006437
238268973
236616989
42136976
145670628
265274191
123252615
569032006
448654913
30903197
111595938
390764245
25181476
504800548
79172874
297396508
131503680
553909775
186115142
459534846
509524702
353409919
81393272
133773553
90081560
581755527
418833225
275395901
366881121
80286657
387287942
205635329
88395671
10926287
297946669
269569336
405333947
301102232
37195570
278000227
507596041
596477651
279749607
388714718
186690517
495261489
303506534
128326040
559965778
19516713
131919305
272945080
398016298
238381800
486454529
70685385
330095254
29714205
596126895
171458878
260342151
516388171
445441896
511442187
545392150
199209771
573768313
298446265
17818036
233185743
134605366
274912686
371493757
152327792
139078775
501458856
307964609
514613297
464073609
613494293
57665043
296612552
564049612
112549184
550724235
567767497
347342232
438230017
533227986
176146611
112958834
415647013
218323279
250747914
34279695
107424100
39935651
587457781
544087251
392816253
427838740
243753079
166315998
501363413
512297666
442732394
194767396
308539704
400931874
405451647
181136126
323975559
199154077
501113492
445495944
526746645
229308031
85820531
293653385
43121347
241755068
458322891
147050111
414647163
145066998
593747803
157819035
131606719
618818956
72945342
159492487
77347535
48517963
580617629
273620540
602048196
312663447
45441374
59927086
582525853
203338963
385963038
8977945
96309224
217020270
389099212
556757347
484783706
479309767
32955987
610236680
109331774
576684584
7504098
460617135
296714065
122175571
249615142
494535002
162270550
214781414
470351377
412317502
324262194
148723126
298143151
200584002
116263173
463516252
467184336
405460798
113999489
445909860
123455155
359389702
485286971
21039882
105925051
203230442
163018641
308104129
46106180
326907432
157697601
32531462
535330496
289421884
11231952
577962822
434150741
217433987
40842601
428300519
80618010
573534356
176021733
297651092
537457728
20737592
104130307
456772020
397012956
487079586
505448848
325330331
374208033
423691286
323564720
59580646
32739718
591944312
240312954
557070835
266577645
310006091
437511856
84372376
178381106
580440808
111476093
280592361
141668200
47199450
426828252
591717886
589836075
96185598
380560077
467949027
366895766
448874337
541384389
456015098
33820643
47556634
257071470
162526533
291669288
136274090
219647883
442438088
124255572
3625398
249588565
468975628
218421265
464725773
97293045
225827296
260929357
606304593
205636133
393023908
544442577
535057968
310004222
63949263
474642393
209282837
338347564
568130737
38596067
439318643
240489103
275932181
591706803
176596007
272719899
324239164
592078287
420495709
567723883
47948017
241505067
302353188
73468302
29892385
486642345
18350349
318252715
187772219
274957837
48664369
74344642
101664695
489149117
488227352
467599614
436298994
520313606
60536771
594198718
541323720
534525741
618332218
163481132
277249808
537696454
134567187
568717246
430745508
285326409
19976909
512225404
475350476
226615561
228810478
597404507
237406685
50409725
321493508
603748624
12956383
244790040
137974974
127654077
23711446
184936588
471164520
472367555
382975682
65171449
329127434
329881675
349591013
612342690
546902294
154849907
364021087
447978152
32811630
382743730
136092894
310336595
478455573
260453658
589920905
388471667
532979611
572444025
71278584
546619371
604302404
360760502
498618256
384455876
284869901
335079709
518341810
256596818
388921863
606632410
613663772
278405226
113756157
371360898
105323865
30451676
45731995
324898325
304846745
546536896
247456620
79401249
604430033
42710267
589884124
332046028
272313680
322997691
451382775
35570363
520244394
248186718
596860243
123334986
286478179
566862360
262591461
286596990
458471621
478483338
354112144
265344638
110973847
223421737
443423677
348077098
53717610
68823436
274686282
563596026
205717733
108352825
25754789
406838403
457688132
177430091
357168498
229881031
579863311
147023997
482372967
187551415
312975075
245915762
376019991
10584520
503172509
30537312
524244915
78329122
396878476
360503285
533683017
341298339
168261891
222324123
569372333
119007212
250304313
177243774
6264622
193797328
330329062
600069829
149592776
68096283
277414241
322626110
215293181
256548784
389092882
39320876
71718079
385343333
387845017
418349108
22016613
114418619
163529077
47651385
396728755
241432496
604864651
263625807
560661072
364388616
318483053
23453368
533799936
248986502
181957443
35302106
453622993
173302096
144097684
727843
525707029
286820197
430349311
199336416
419474830
171412086
438565115
311919412
63596074
554083921
86469147
462599126
29100893
321934615
321671557
396972417
483517790
600659132
111672225
599082162
270372155
357152843
607511887
520233300
1844706
505600964
431418349
186469198
485093101
20214663
89446983
267753385
238555137
340653178
604006804
233435150
62288045
133402058
26261577
464775150
72101654
86207574
169681437
229839064
135985994
255131503
587464766
428991689
559069900
307226730
290004918
96374408
401192402
520395598
132832536
238872704
451521352
358226844
197892746
410276342
288472678
242683368
502522749
111407474
18478478
324707114
378565892
33821534
620099873
80466398
336980763
100171885
342160520
155751728
133390848
434300092
148705283
31348716
336337031
148858793
57737897
362652345
100024368
472447807
9371045
67081785
322708570
616326981
104666872
205075105
441926348
65996277
557592804
434042196
385360963
340307135
289868804
508001733
159381860
169333044
562242122
308585888
39152292
16052519
452545838
41949925
112239639
327568589
209775730
620466865
583759931
43387304
440578103
219812521
133992465
430856382
469775529
448591431
590279281
41532816
337210544
426902427
290245519
485595917
298083693
368853895
36675244
93999295
136717252
545074344
255079042
309665024
197845706
340310115
235055717
9843794
68627977
463947869
564298568
555901078
41012533
7678067
169824687
322997476
225308240
303133081
527178632
98222362
11857375
200414268
514003480
400876480
522512428
450032492
65983900
202636896
277972427
55776157
464014757
60120314
448611325
172205134
414427622
201316945
327376433
427923026
461091651
436998919
66767415
612655263
235652221
448404084
378678091
231990530
247398132
173694224
48623250
104564349
481917437
467701352
552227263
28227074
87981784
184342324
134215598
176008533
565098773
39204350
46532926
328123564
411646378
554907367
113262992
438824669
342346388
593073275
584755829
540118009
417407529
388804199
612544687
512399417
454913182
190453889
404286129
511712683
446830852
271979083
152470079
449612546
124735096
419198687
418981703
527976723
448248904
563739894
497236084
598251710
557129969
37147125
107029666
502156323
420107199
385594113
390519638
208733704
461475643
535438783
548836283
292525768
468108857
36775530
477198143
182025779
465284388
369765199
500439662
95292535
423288373
153050163
94739127
332514433
354422700
333679072
610072658
521094792
71106651
99360979
12506589
163026216
209082266
585709484
429037944
333366868
215434405
43701628
279143563
48988520
323542614
516302734
495572996
380148188
283669346
577915872
48550706
434377357
58772060
89987282
41543780
152272553
